[1] "Computing Descriptives"


    vars   n mean   sd median trimmed  mad min max range skew kurtosis   se
Q54    1 941 2.24 1.04      2    2.18 1.48   1   4     3 0.47    -0.93 0.03
Q55    2 941 1.87 1.01      2    1.71 1.48   1   4     3 0.87    -0.46 0.03
Q56    3 940 1.84 1.01      2    1.68 1.48   1   4     3 0.93    -0.37 0.03
Q57    4 941 2.11 1.11      2    2.01 1.48   1   4     3 0.56    -1.05 0.04
Q58    5 941 1.84 0.99      2    1.68 1.48   1   4     3 0.91    -0.33 0.03
Q59    6 941 2.44 1.10      2    2.42 1.48   1   4     3 0.17    -1.29 0.04
Q60    7 940 2.33 1.14      2    2.29 1.48   1   4     3 0.28    -1.33 0.04
Q61    8 941 2.08 1.08      2    1.97 1.48   1   4     3 0.56    -1.01 0.04
Q62    9 941 2.28 1.04      2    2.23 1.48   1   4     3 0.38    -1.01 0.03
Q63   10 940 1.70 0.91      1    1.53 0.00   1   4     3 1.20     0.50 0.03
Q64   11 941 1.49 0.81      1    1.30 0.00   1   4     3 1.69     2.04 0.03
Q65   12 939 1.42 0.80      1    1.22 0.00   1   4     3 1.97     3.01 0.03
Q66   13 941 1.50 0.78      1    1.33 0.00   1   4     3 1.57     1.83 0.03
Q67   14 941 1.70 0.87      1    1.56 0.00   1   4     3 1.17     0.67 0.03
Q68   15 941 1.35 0.65      1    1.21 0.00   1   4     3 2.03     4.03 0.02
Q69   16 941 1.64 0.87      1    1.48 0.00   1   4     3 1.27     0.76 0.03


[1] "Computing Item correlations"


           Q54        Q55        Q56        Q57        Q58        Q59        Q60        Q61        Q62        Q63        Q64        Q65        Q66        Q67        Q68        Q69
Q54 1.00000000 0.48938783 0.43842181 0.41312674 0.38006595 0.45631419 0.42310444 0.44319037 0.49682696 0.38917561 0.31707859 0.21344399 0.19671342 0.28829806 0.25165143 0.28398287
Q55 0.48938783 1.00000000 0.73419556 0.56927631 0.54433845 0.51899893 0.54052063 0.57088638 0.44299286 0.35182101 0.33517970 0.26213883 0.24108243 0.34662253 0.34218750 0.31398802
Q56 0.43842181 0.73419556 1.00000000 0.58081223 0.59468284 0.51041248 0.51640228 0.54684270 0.46225070 0.41181579 0.35650696 0.27992964 0.27274434 0.36889058 0.33811337 0.33897021
Q57 0.41312674 0.56927631 0.58081223 1.00000000 0.60248324 0.57548683 0.62634115 0.60564619 0.49060486 0.38169182 0.34626161 0.26686677 0.25415560 0.33392716 0.30344473 0.32986072
Q58 0.38006595 0.54433845 0.59468284 0.60248324 1.00000000 0.59413949 0.59818592 0.61089017 0.55143429 0.40574303 0.34047410 0.26349394 0.25709208 0.37548566 0.35606145 0.34132971
Q59 0.45631419 0.51899893 0.51041248 0.57548683 0.59413949 1.00000000 0.77710405 0.69395731 0.61612050 0.42436028 0.28656790 0.21233860 0.20668353 0.31961664 0.27977109 0.32790079
Q60 0.42310444 0.54052063 0.51640228 0.62634115 0.59818592 0.77710405 1.00000000 0.75540953 0.62273109 0.41894846 0.32533583 0.20757950 0.20139809 0.32965642 0.32111617 0.32123620
Q61 0.44319037 0.57088638 0.54684270 0.60564619 0.61089017 0.69395731 0.75540953 1.00000000 0.64364674 0.50446953 0.38923093 0.30062095 0.25508085 0.36508823 0.34881805 0.41111047
Q62 0.49682696 0.44299286 0.46225070 0.49060486 0.55143429 0.61612050 0.62273109 0.64364674 1.00000000 0.56116781 0.42385303 0.33589289 0.29787524 0.38729782 0.32814997 0.43147875
Q63 0.38917561 0.35182101 0.41181579 0.38169182 0.40574303 0.42436028 0.41894846 0.50446953 0.56116781 1.00000000 0.56020586 0.37578259 0.36406311 0.39004058 0.41470356 0.44391251
Q64 0.31707859 0.33517970 0.35650696 0.34626161 0.34047410 0.28656790 0.32533583 0.38923093 0.42385303 0.56020586 1.00000000 0.45894775 0.38083435 0.47115182 0.55018071 0.45905310
Q65 0.21344399 0.26213883 0.27992964 0.26686677 0.26349394 0.21233860 0.20757950 0.30062095 0.33589289 0.37578259 0.45894775 1.00000000 0.34589034 0.35131965 0.36307123 0.42693245
Q66 0.19671342 0.24108243 0.27274434 0.25415560 0.25709208 0.20668353 0.20139809 0.25508085 0.29787524 0.36406311 0.38083435 0.34589034 1.00000000 0.32797280 0.30762262 0.31876502
Q67 0.28829806 0.34662253 0.36889058 0.33392716 0.37548566 0.31961664 0.32965642 0.36508823 0.38729782 0.39004058 0.47115182 0.35131965 0.32797280 1.00000000 0.41274684 0.48606098
Q68 0.25165143 0.34218750 0.33811337 0.30344473 0.35606145 0.27977109 0.32111617 0.34881805 0.32814997 0.41470356 0.55018071 0.36307123 0.30762262 0.41274684 1.00000000 0.44958523
Q69 0.28398287 0.31398802 0.33897021 0.32986072 0.34132971 0.32790079 0.32123620 0.41111047 0.43147875 0.44391251 0.45905310 0.42693245 0.31876502 0.48606098 0.44958523 1.00000000


[1] "ONE FACTOR MODEL"


[1] "TEST OF GLOBAL FIT"


[1] "MODEL FIT INDICES AND EFFECT SIZE"


lavaan 0.6.17 ended normally after 30 iterations

  Estimator                                         ML
  Optimization method                           NLMINB
  Number of model parameters                        48

  Number of observations                           941
  Number of missing patterns                         5

Model Test User Model:
                                              Standard      Scaled
  Test Statistic                              1726.400    1271.560
  Degrees of freedom                               104         104
  P-value (Chi-square)                           0.000       0.000
  Scaling correction factor                                  1.358
    Yuan-Bentler correction (Mplus variant)                       

Model Test Baseline Model:

  Test statistic                              8020.677    5847.496
  Degrees of freedom                               120         120
  P-value                                        0.000       0.000
  Scaling correction factor                                  1.372

User Model versus Baseline Model:

  Comparative Fit Index (CFI)                    0.795       0.796
  Tucker-Lewis Index (TLI)                       0.763       0.765
                                                                  
  Robust Comparative Fit Index (CFI)                         0.798
  Robust Tucker-Lewis Index (TLI)                            0.767

Loglikelihood and Information Criteria:

  Loglikelihood user model (H0)             -17254.769  -17254.769
  Scaling correction factor                                  1.208
      for the MLR correction                                      
  Loglikelihood unrestricted model (H1)     -16391.569  -16391.569
  Scaling correction factor                                  1.310
      for the MLR correction                                      
                                                                  
  Akaike (AIC)                               34605.539   34605.539
  Bayesian (BIC)                             34838.192   34838.192
  Sample-size adjusted Bayesian (SABIC)      34685.747   34685.747

Root Mean Square Error of Approximation:

  RMSEA                                          0.129       0.109
  90 Percent confidence interval - lower         0.123       0.105
  90 Percent confidence interval - upper         0.134       0.114
  P-value H_0: RMSEA <= 0.050                    0.000       0.000
  P-value H_0: RMSEA >= 0.080                    1.000       1.000
                                                                  
  Robust RMSEA                                               0.127
  90 Percent confidence interval - lower                     0.121
  90 Percent confidence interval - upper                     0.134
  P-value H_0: Robust RMSEA <= 0.050                         0.000
  P-value H_0: Robust RMSEA >= 0.080                         1.000

Standardized Root Mean Square Residual:

  SRMR                                           0.081       0.081

Parameter Estimates:

  Standard errors                             Sandwich
  Information bread                           Observed
  Observed information based on                Hessian

Latent Variables:
                   Estimate  Std.Err  z-value  P(>|z|)   Std.lv  Std.all
  QOL =~                                                                
    Q54       (L1)    0.597    0.031   19.181    0.000    0.597    0.575
    Q55       (L2)    0.713    0.029   24.820    0.000    0.713    0.706
    Q56       (L3)    0.719    0.030   23.991    0.000    0.719    0.712
    Q57       (L4)    0.809    0.027   29.612    0.000    0.809    0.732
    Q58       (L5)    0.735    0.028   26.270    0.000    0.735    0.743
    Q59       (L6)    0.856    0.024   35.526    0.000    0.856    0.782
    Q60       (L7)    0.917    0.024   38.297    0.000    0.917    0.807
    Q61       (L8)    0.896    0.023   39.667    0.000    0.896    0.831
    Q62       (L9)    0.778    0.024   31.929    0.000    0.778    0.752
    Q63      (L10)    0.565    0.032   17.438    0.000    0.565    0.618
    Q64      (L11)    0.435    0.035   12.530    0.000    0.435    0.535
    Q65      (L12)    0.326    0.036    9.022    0.000    0.326    0.408
    Q66      (L13)    0.291    0.032    9.204    0.000    0.291    0.374
    Q67      (L14)    0.443    0.032   13.639    0.000    0.443    0.512
    Q68      (L15)    0.315    0.028   11.100    0.000    0.315    0.487
    Q69      (L16)    0.454    0.032   14.080    0.000    0.454    0.522

Intercepts:
                   Estimate  Std.Err  z-value  P(>|z|)   Std.lv  Std.all
   .Q54       (I1)    2.240    0.034   66.143    0.000    2.240    2.156
   .Q55       (I2)    1.870    0.033   56.798    0.000    1.870    1.852
   .Q56       (I3)    1.841    0.033   55.912    0.000    1.841    1.823
   .Q57       (I4)    2.105    0.036   58.452    0.000    2.105    1.905
   .Q58       (I5)    1.843    0.032   57.146    0.000    1.843    1.863
   .Q59       (I6)    2.439    0.036   68.280    0.000    2.439    2.226
   .Q60       (I7)    2.331    0.037   62.870    0.000    2.331    2.050
   .Q61       (I8)    2.078    0.035   59.071    0.000    2.078    1.926
   .Q62       (I9)    2.285    0.034   67.730    0.000    2.285    2.208
   .Q63      (I10)    1.700    0.030   57.030    0.000    1.700    1.860
   .Q64      (I11)    1.486    0.027   56.007    0.000    1.486    1.826
   .Q65      (I12)    1.418    0.026   54.464    0.000    1.418    1.777
   .Q66      (I13)    1.496    0.025   58.911    0.000    1.496    1.920
   .Q67      (I14)    1.705    0.028   60.459    0.000    1.705    1.971
   .Q68      (I15)    1.345    0.021   63.881    0.000    1.345    2.082
   .Q69      (I16)    1.644    0.028   57.987    0.000    1.644    1.890
    QOL               0.000                               0.000    0.000

Variances:
                   Estimate  Std.Err  z-value  P(>|z|)   Std.lv  Std.all
   .Q54               0.723    0.036   20.016    0.000    0.723    0.670
   .Q55               0.512    0.031   16.282    0.000    0.512    0.501
   .Q56               0.503    0.032   15.664    0.000    0.503    0.493
   .Q57               0.567    0.034   16.514    0.000    0.567    0.464
   .Q58               0.438    0.027   16.090    0.000    0.438    0.448
   .Q59               0.467    0.030   15.420    0.000    0.467    0.389
   .Q60               0.451    0.032   14.211    0.000    0.451    0.349
   .Q61               0.361    0.026   13.986    0.000    0.361    0.310
   .Q62               0.465    0.026   17.635    0.000    0.465    0.434
   .Q63               0.516    0.029   18.074    0.000    0.516    0.618
   .Q64               0.473    0.029   16.376    0.000    0.473    0.714
   .Q65               0.531    0.033   15.863    0.000    0.531    0.833
   .Q66               0.522    0.033   15.689    0.000    0.522    0.860
   .Q67               0.552    0.030   18.152    0.000    0.552    0.737
   .Q68               0.318    0.023   14.069    0.000    0.318    0.763
   .Q69               0.550    0.031   17.727    0.000    0.550    0.727
    QOL               1.000                               1.000    1.000

R-Square:
                   Estimate
    Q54               0.330
    Q55               0.499
    Q56               0.507
    Q57               0.536
    Q58               0.552
    Q59               0.611
    Q60               0.651
    Q61               0.690
    Q62               0.566
    Q63               0.382
    Q64               0.286
    Q65               0.167
    Q66               0.140
    Q67               0.263
    Q68               0.237
    Q69               0.273



[1] "TEST OF LOCAL FIT"


[1] "PREDICTED MEANS, VARIANCES, AND COVARIANCES"


$cov
      Q54   Q55   Q56   Q57   Q58   Q59   Q60   Q61   Q62   Q63   Q64   Q65   Q66   Q67   Q68   Q69
Q54 1.079                                                                                          
Q55 0.426 1.020                                                                                    
Q56 0.429 0.513 1.020                                                                              
Q57 0.483 0.577 0.581 1.221                                                                        
Q58 0.439 0.524 0.529 0.594 0.978                                                                  
Q59 0.511 0.611 0.616 0.693 0.629 1.201                                                            
Q60 0.548 0.654 0.660 0.742 0.674 0.786 1.293                                                      
Q61 0.535 0.639 0.644 0.725 0.659 0.768 0.822 1.164                                                
Q62 0.465 0.555 0.560 0.629 0.572 0.667 0.714 0.698 1.071                                          
Q63 0.337 0.403 0.406 0.457 0.415 0.484 0.519 0.507 0.440 0.835                                    
Q64 0.260 0.311 0.313 0.352 0.320 0.373 0.399 0.390 0.339 0.246 0.662                              
Q65 0.195 0.232 0.234 0.264 0.240 0.279 0.299 0.292 0.254 0.184 0.142 0.637                        
Q66 0.174 0.208 0.209 0.236 0.214 0.249 0.267 0.261 0.227 0.165 0.127 0.095 0.607                  
Q67 0.265 0.316 0.319 0.358 0.326 0.380 0.407 0.397 0.345 0.250 0.193 0.144 0.129 0.748            
Q68 0.188 0.224 0.226 0.255 0.231 0.270 0.289 0.282 0.245 0.178 0.137 0.103 0.092 0.139 0.417      
Q69 0.271 0.324 0.327 0.367 0.334 0.389 0.417 0.407 0.354 0.257 0.198 0.148 0.132 0.201 0.143 0.756

$mean
  Q54   Q55   Q56   Q57   Q58   Q59   Q60   Q61   Q62   Q63   Q64   Q65   Q66   Q67   Q68   Q69 
2.240 1.870 1.841 2.105 1.843 2.439 2.331 2.078 2.285 1.700 1.486 1.418 1.496 1.705 1.345 1.644 



[1] "COVARIANCE DISCREPANCY"


$type
[1] "raw"

$cov
       Q54    Q55    Q56    Q57    Q58    Q59    Q60    Q61    Q62    Q63    Q64    Q65    Q66    Q67    Q68    Q69
Q54  0.000                                                                                                         
Q55  0.088  0.000                                                                                                  
Q56  0.031  0.236  0.000                                                                                           
Q57 -0.009  0.059  0.066  0.000                                                                                    
Q58 -0.048  0.020  0.065  0.064  0.000                                                                             
Q59  0.008 -0.036 -0.051  0.004  0.014  0.000                                                                      
Q60 -0.048 -0.035 -0.067  0.045 -0.002  0.182  0.000                                                               
Q61 -0.038 -0.017 -0.049 -0.003 -0.007  0.053  0.104  0.000                                                        
Q62  0.069 -0.092 -0.077 -0.069 -0.008  0.032  0.019  0.021  0.000                                                 
Q63  0.032 -0.078 -0.026 -0.072 -0.049 -0.059 -0.084 -0.009  0.091  0.000                                          
Q64  0.008 -0.035 -0.021 -0.041 -0.046 -0.117 -0.099 -0.049  0.018  0.170  0.000                                   
Q65 -0.018 -0.022 -0.010 -0.029 -0.031 -0.093 -0.111 -0.032  0.023  0.090  0.156  0.000                            
Q66 -0.015 -0.018  0.005 -0.017 -0.016 -0.073 -0.089 -0.047  0.013  0.095  0.115  0.120  0.000                     
Q67 -0.006 -0.013  0.003 -0.039 -0.005 -0.077 -0.083 -0.057  0.002  0.057  0.139  0.098  0.092  0.000              
Q68 -0.019 -0.001 -0.006 -0.038 -0.004 -0.071 -0.053 -0.039 -0.026  0.067  0.152  0.084  0.063  0.091  0.000       
Q69 -0.015 -0.048 -0.029 -0.051 -0.040 -0.077 -0.100 -0.022  0.035  0.095  0.127  0.149  0.084  0.164  0.110  0.000

$mean
   Q54    Q55    Q56    Q57    Q58    Q59    Q60    Q61    Q62    Q63    Q64    Q65    Q66    Q67    Q68    Q69 
 0.000  0.000  0.000  0.000  0.000  0.000 -0.001  0.000  0.000  0.000  0.000  0.000  0.000  0.000  0.000  0.000 



[1] "CORRELATION DISCREPANCY"


$type
[1] "cor.bollen"

$cov
       Q54    Q55    Q56    Q57    Q58    Q59    Q60    Q61    Q62    Q63    Q64    Q65    Q66    Q67    Q68    Q69
Q54  0.000                                                                                                         
Q55  0.084  0.000                                                                                                  
Q56  0.029  0.231  0.000                                                                                           
Q57 -0.007  0.052  0.060  0.000                                                                                    
Q58 -0.047  0.020  0.065  0.059  0.000                                                                             
Q59  0.007 -0.033 -0.046  0.003  0.013  0.000                                                                      
Q60 -0.040 -0.030 -0.058  0.036 -0.002  0.146  0.000                                                               
Q61 -0.034 -0.016 -0.045 -0.002 -0.006  0.045  0.085  0.000                                                        
Q62  0.065 -0.088 -0.073 -0.060 -0.007  0.028  0.016  0.019  0.000                                                 
Q63  0.034 -0.085 -0.029 -0.071 -0.055 -0.059 -0.081 -0.010  0.096  0.000                                          
Q64  0.010 -0.043 -0.025 -0.045 -0.057 -0.132 -0.107 -0.055  0.021  0.229  0.000                                   
Q65 -0.022 -0.027 -0.012 -0.033 -0.040 -0.107 -0.123 -0.038  0.028  0.124  0.240  0.000                            
Q66 -0.018 -0.023  0.006 -0.019 -0.021 -0.085 -0.101 -0.055  0.017  0.133  0.181  0.194  0.000                     
Q67 -0.006 -0.015  0.004 -0.041 -0.005 -0.081 -0.084 -0.061  0.002  0.072  0.197  0.142  0.136  0.000              
Q68 -0.028 -0.002 -0.009 -0.053 -0.006 -0.101 -0.073 -0.056 -0.038  0.114  0.290  0.163  0.126  0.163  0.000       
Q69 -0.016 -0.055 -0.034 -0.053 -0.047 -0.080 -0.101 -0.023  0.038  0.120  0.179  0.214  0.123  0.218  0.195  0.000

$mean
   Q54    Q55    Q56    Q57    Q58    Q59    Q60    Q61    Q62    Q63    Q64    Q65    Q66    Q67    Q68    Q69 
 0.000  0.000  0.000  0.000  0.000  0.000 -0.001  0.000  0.000  0.000  0.000  0.001  0.000  0.000  0.000  0.000 



[1] "NORMALIZED DISCREPANCY"


$type
[1] "normalized"

$cov
       Q54    Q55    Q56    Q57    Q58    Q59    Q60    Q61    Q62    Q63    Q64    Q65    Q66    Q67    Q68    Q69
Q54  0.000                                                                                                         
Q55  2.360  0.000                                                                                                  
Q56  0.828  5.827 -0.004                                                                                           
Q57 -0.222  1.470  1.676  0.000                                                                                    
Q58 -1.333  0.516  1.702  1.637  0.000                                                                             
Q59  0.221 -1.008 -1.406  0.108  0.418  0.000                                                                      
Q60 -1.231 -0.921 -1.769  1.144 -0.048  5.202  0.007                                                               
Q61 -1.014 -0.450 -1.246 -0.073 -0.181  1.491  2.814  0.000                                                        
Q62  1.944 -2.642 -2.158 -1.851 -0.215  0.908  0.509  0.588  0.000                                                 
Q63  0.920 -2.236 -0.719 -2.010 -1.417 -1.748 -2.356 -0.261  2.587 -0.001                                          
Q64  0.255 -1.058 -0.605 -1.211 -1.393 -3.973 -3.056 -1.435  0.581  4.676  0.000                                   
Q65 -0.575 -0.672 -0.286 -0.865 -0.931 -3.157 -3.474 -0.990  0.744  2.619  4.516  0.005                            
Q66 -0.492 -0.593  0.166 -0.519 -0.524 -2.570 -2.913 -1.556  0.447  3.110  3.797  4.025  0.000                     
Q67 -0.171 -0.393  0.090 -1.122 -0.130 -2.404 -2.443 -1.734  0.054  1.774  4.188  2.891  3.059  0.000              
Q68 -0.781 -0.046 -0.216 -1.498 -0.146 -3.090 -2.124 -1.520 -1.035  2.445  5.127  2.934  2.640  3.205  0.000       
Q69 -0.448 -1.505 -0.893 -1.489 -1.215 -2.434 -3.006 -0.651  1.090  2.911  3.731  4.272  2.873  4.940  3.916  0.000

$mean
   Q54    Q55    Q56    Q57    Q58    Q59    Q60    Q61    Q62    Q63    Q64    Q65    Q66    Q67    Q68    Q69 
 0.000  0.000  0.000  0.000  0.000  0.000 -0.017  0.000  0.000  0.003  0.000  0.019  0.000  0.000  0.000  0.000 



[1] "MODIFICATION INDICES"


    lhs op rhs       mi    epc sepc.lv sepc.all sepc.nox
66  Q55 ~~ Q56 1534.001  1.778   1.778    3.505    3.505
116 Q59 ~~ Q60  425.128  0.525   0.525    1.143    1.143
159 Q64 ~~ Q68  381.752  0.401   0.401    1.034    1.034
150 Q63 ~~ Q64  220.438  0.335   0.335    0.679    0.679
156 Q64 ~~ Q65  152.165  0.260   0.260    0.519    0.519
169 Q67 ~~ Q69  132.690  0.260   0.260    0.473    0.473
120 Q59 ~~ Q64  111.201 -0.222  -0.222   -0.473   -0.473
126 Q60 ~~ Q61  105.212  0.175   0.175    0.432    0.432
164 Q65 ~~ Q69  103.196  0.217   0.217    0.401    0.401
158 Q64 ~~ Q67  101.073  0.202   0.202    0.396    0.396
170 Q68 ~~ Q69   91.212  0.155   0.155    0.370    0.370
130 Q60 ~~ Q65   81.652 -0.188  -0.188   -0.383   -0.383
160 Q64 ~~ Q69   80.192  0.174   0.174    0.342    0.342
129 Q60 ~~ Q64   74.361 -0.171  -0.171   -0.370   -0.370
157 Q64 ~~ Q66   65.303  0.149   0.149    0.301    0.301
161 Q65 ~~ Q66   62.511  0.154   0.154    0.292    0.292
134 Q60 ~~ Q69   61.552 -0.163  -0.163   -0.328   -0.328
168 Q67 ~~ Q68   56.536  0.116   0.116    0.276    0.276
72  Q55 ~~ Q62   55.996 -0.154  -0.154   -0.315   -0.315
163 Q65 ~~ Q68   48.982  0.104   0.104    0.253    0.253
121 Q59 ~~ Q65   48.052 -0.136  -0.136   -0.272   -0.272
124 Q59 ~~ Q68   47.996 -0.106  -0.106   -0.275   -0.275
128 Q60 ~~ Q63   46.516 -0.138  -0.138   -0.285   -0.285
131 Q60 ~~ Q66   46.273 -0.130  -0.130   -0.269   -0.269
143 Q62 ~~ Q63   41.453  0.117   0.117    0.238    0.238
132 Q60 ~~ Q67   38.036 -0.122  -0.122   -0.245   -0.245
152 Q63 ~~ Q66   37.692  0.114   0.114    0.220    0.220
155 Q63 ~~ Q69   36.698  0.116   0.116    0.217    0.217
85  Q56 ~~ Q62   36.672 -0.119  -0.119   -0.246   -0.246
162 Q65 ~~ Q67   36.531  0.116   0.116    0.215    0.215
151 Q63 ~~ Q65   32.672  0.107   0.107    0.204    0.204
165 Q66 ~~ Q67   32.144  0.107   0.107    0.199    0.199
83  Q56 ~~ Q60   31.861 -0.114  -0.114   -0.239   -0.239
73  Q55 ~~ Q63   30.764 -0.110  -0.110   -0.214   -0.214
154 Q63 ~~ Q68   30.426  0.079   0.079    0.196    0.196
125 Q59 ~~ Q69   30.082 -0.107  -0.107   -0.211   -0.211
123 Q59 ~~ Q67   29.676 -0.106  -0.106   -0.209   -0.209
122 Q59 ~~ Q66   27.092 -0.096  -0.096   -0.195   -0.195
167 Q66 ~~ Q69   26.178  0.096   0.096    0.178    0.178
133 Q60 ~~ Q68   25.660 -0.074  -0.074   -0.195   -0.195
166 Q66 ~~ Q68   25.653  0.072   0.072    0.176    0.176
97  Q57 ~~ Q62   24.673 -0.101  -0.101   -0.196   -0.196
51  Q54 ~~ Q55   23.185  0.104   0.104    0.171    0.171
117 Q59 ~~ Q61   22.777  0.077   0.077    0.188    0.188
81  Q56 ~~ Q58   22.657  0.081   0.081    0.173    0.173
98  Q57 ~~ Q63   22.117 -0.096  -0.096   -0.177   -0.177
140 Q61 ~~ Q67   21.711 -0.081  -0.081   -0.182   -0.182
84  Q56 ~~ Q61   19.975 -0.079  -0.079   -0.186   -0.186
93  Q57 ~~ Q58   19.179  0.079   0.079    0.159    0.159
119 Q59 ~~ Q63   18.987 -0.082  -0.082   -0.167   -0.167
137 Q61 ~~ Q64   18.985 -0.071  -0.071   -0.172   -0.172
80  Q56 ~~ Q57   17.906  0.082   0.082    0.153    0.153
141 Q61 ~~ Q68   17.419 -0.055  -0.055   -0.161   -0.161
58  Q54 ~~ Q62   15.942  0.082   0.082    0.141    0.141
82  Q56 ~~ Q59   15.332 -0.075  -0.075   -0.154   -0.154
139 Q61 ~~ Q66   14.465 -0.062  -0.062   -0.143   -0.143
67  Q55 ~~ Q57   13.482  0.071   0.071    0.132    0.132
109 Q58 ~~ Q63   13.166 -0.064  -0.064   -0.135   -0.135
110 Q58 ~~ Q64   12.206 -0.058  -0.058   -0.128   -0.128
153 Q63 ~~ Q67   12.190  0.064   0.064    0.121    0.121
95  Q57 ~~ Q60    9.616  0.058   0.058    0.115    0.115
79  Q55 ~~ Q69    9.438 -0.058  -0.058   -0.110   -0.110
104 Q57 ~~ Q69    9.373 -0.061  -0.061   -0.110   -0.110
103 Q57 ~~ Q68    9.058 -0.046  -0.046   -0.108   -0.108
56  Q54 ~~ Q60    8.796 -0.064  -0.064   -0.111   -0.111
54  Q54 ~~ Q58    8.504 -0.059  -0.059   -0.105   -0.105
115 Q58 ~~ Q69    7.767 -0.049  -0.049   -0.100   -0.100
138 Q61 ~~ Q65    7.289 -0.044  -0.044   -0.101   -0.101
69  Q55 ~~ Q59    7.244 -0.051  -0.051   -0.103   -0.103
57  Q54 ~~ Q61    7.139 -0.052  -0.052   -0.101   -0.101
99  Q57 ~~ Q64    7.119 -0.050  -0.050   -0.096   -0.096
70  Q55 ~~ Q60    6.862 -0.049  -0.049   -0.103   -0.103
74  Q55 ~~ Q64    5.751 -0.042  -0.042   -0.086   -0.086
118 Q59 ~~ Q62    5.715  0.041   0.041    0.088    0.088
102 Q57 ~~ Q67    5.516 -0.047  -0.047   -0.083   -0.083
149 Q62 ~~ Q69    5.109  0.040   0.040    0.079    0.079
148 Q62 ~~ Q68    5.021 -0.031  -0.031   -0.080   -0.080
111 Q58 ~~ Q65    4.741 -0.037  -0.037   -0.077   -0.077
92  Q56 ~~ Q69    3.493 -0.035  -0.035   -0.066   -0.066
135 Q61 ~~ Q62    3.404  0.029   0.029    0.071    0.071
86  Q56 ~~ Q63    3.068 -0.032  -0.032   -0.063   -0.063
100 Q57 ~~ Q65    2.962 -0.033  -0.033   -0.060   -0.060
142 Q61 ~~ Q69    2.862 -0.028  -0.028   -0.063   -0.063
59  Q54 ~~ Q63    2.850  0.035   0.035    0.058    0.058
52  Q54 ~~ Q56    2.730  0.035   0.035    0.057    0.057
145 Q62 ~~ Q65    2.403  0.027   0.027    0.054    0.054
71  Q55 ~~ Q61    2.119 -0.024  -0.024   -0.056   -0.056
127 Q60 ~~ Q62    2.080  0.025   0.025    0.055    0.055
87  Q56 ~~ Q64    2.022 -0.025  -0.025   -0.051   -0.051
68  Q55 ~~ Q58    1.956  0.024   0.024    0.050    0.050
75  Q55 ~~ Q65    1.817 -0.024  -0.024   -0.047   -0.047
144 Q62 ~~ Q64    1.621  0.021   0.021    0.045    0.045
64  Q54 ~~ Q68    1.599 -0.021  -0.021   -0.043   -0.043
76  Q55 ~~ Q66    1.275 -0.020  -0.020   -0.039   -0.039
105 Q58 ~~ Q59    1.232  0.019   0.019    0.041    0.041
112 Q58 ~~ Q66    1.188 -0.018  -0.018   -0.038   -0.038
101 Q57 ~~ Q66    1.003 -0.019  -0.019   -0.035   -0.035
61  Q54 ~~ Q65    0.822 -0.019  -0.019   -0.031   -0.031
146 Q62 ~~ Q66    0.793  0.015   0.015    0.031    0.031
77  Q55 ~~ Q67    0.669 -0.015  -0.015   -0.028   -0.028
136 Q61 ~~ Q63    0.591 -0.012  -0.012   -0.029   -0.029
62  Q54 ~~ Q66    0.567 -0.016  -0.016   -0.025   -0.025
65  Q54 ~~ Q69    0.553 -0.016  -0.016   -0.025   -0.025
107 Q58 ~~ Q61    0.396 -0.010  -0.010   -0.024   -0.024
108 Q58 ~~ Q62    0.341 -0.010  -0.010   -0.021   -0.021
88  Q56 ~~ Q65    0.333 -0.010  -0.010   -0.020   -0.020
91  Q56 ~~ Q68    0.222 -0.007  -0.007   -0.016   -0.016
55  Q54 ~~ Q59    0.221  0.010   0.010    0.017    0.017
60  Q54 ~~ Q64    0.196  0.009   0.009    0.015    0.015
53  Q54 ~~ Q57    0.193 -0.010  -0.010   -0.015   -0.015
114 Q58 ~~ Q68    0.112 -0.004  -0.004   -0.012   -0.012
89  Q56 ~~ Q66    0.103  0.006   0.006    0.011    0.011
113 Q58 ~~ Q67    0.091 -0.005  -0.005   -0.011   -0.011
94  Q57 ~~ Q59    0.079  0.005   0.005    0.010    0.010
63  Q54 ~~ Q67    0.077 -0.006  -0.006   -0.009   -0.009
96  Q57 ~~ Q61    0.052 -0.004  -0.004   -0.009   -0.009
90  Q56 ~~ Q67    0.037  0.004   0.004    0.007    0.007
106 Q58 ~~ Q60    0.018 -0.002  -0.002   -0.005   -0.005
147 Q62 ~~ Q67    0.012  0.002   0.002    0.004    0.004
78  Q55 ~~ Q68    0.009 -0.001  -0.001   -0.003   -0.003


[1] "TWO FACTORS MODEL"


[1] "TEST OF GLOBAL FIT"


[1] "MODEL FIT INDICES AND EFFECT SIZE"


lavaan 0.6.17 ended normally after 28 iterations

  Estimator                                         ML
  Optimization method                           NLMINB
  Number of model parameters                        49

  Number of observations                           941
  Number of missing patterns                         5

Model Test User Model:
                                              Standard      Scaled
  Test Statistic                              1044.582     785.385
  Degrees of freedom                               103         103
  P-value (Chi-square)                           0.000       0.000
  Scaling correction factor                                  1.330
    Yuan-Bentler correction (Mplus variant)                       

Model Test Baseline Model:

  Test statistic                              8020.677    5847.496
  Degrees of freedom                               120         120
  P-value                                        0.000       0.000
  Scaling correction factor                                  1.372

User Model versus Baseline Model:

  Comparative Fit Index (CFI)                    0.881       0.881
  Tucker-Lewis Index (TLI)                       0.861       0.861
                                                                  
  Robust Comparative Fit Index (CFI)                         0.884
  Robust Tucker-Lewis Index (TLI)                            0.865

Loglikelihood and Information Criteria:

  Loglikelihood user model (H0)             -16913.860  -16913.860
  Scaling correction factor                                  1.269
      for the MLR correction                                      
  Loglikelihood unrestricted model (H1)     -16391.569  -16391.569
  Scaling correction factor                                  1.310
      for the MLR correction                                      
                                                                  
  Akaike (AIC)                               33925.720   33925.720
  Bayesian (BIC)                             34163.220   34163.220
  Sample-size adjusted Bayesian (SABIC)      34007.600   34007.600

Root Mean Square Error of Approximation:

  RMSEA                                          0.099       0.084
  90 Percent confidence interval - lower         0.093       0.079
  90 Percent confidence interval - upper         0.104       0.089
  P-value H_0: RMSEA <= 0.050                    0.000       0.000
  P-value H_0: RMSEA >= 0.080                    1.000       0.914
                                                                  
  Robust RMSEA                                               0.097
  90 Percent confidence interval - lower                     0.091
  90 Percent confidence interval - upper                     0.103
  P-value H_0: Robust RMSEA <= 0.050                         0.000
  P-value H_0: Robust RMSEA >= 0.080                         1.000

Standardized Root Mean Square Residual:

  SRMR                                           0.057       0.057

Parameter Estimates:

  Standard errors                             Sandwich
  Information bread                           Observed
  Observed information based on                Hessian

Latent Variables:
                   Estimate  Std.Err  z-value  P(>|z|)   Std.lv  Std.all
  StM =~                                                                
    Q54       (L1)    0.594    0.032   18.761    0.000    0.594    0.571
    Q55       (L2)    0.713    0.029   24.206    0.000    0.713    0.706
    Q56       (L3)    0.714    0.031   23.182    0.000    0.714    0.707
    Q57       (L4)    0.816    0.028   29.470    0.000    0.816    0.739
    Q58       (L5)    0.738    0.028   26.146    0.000    0.738    0.746
    Q59       (L6)    0.885    0.022   39.636    0.000    0.885    0.808
    Q60       (L7)    0.949    0.022   42.520    0.000    0.949    0.835
    Q61       (L8)    0.910    0.022   40.750    0.000    0.910    0.843
    Q62       (L9)    0.772    0.025   30.506    0.000    0.772    0.746
    Q63      (L10)    0.534    0.032   16.698    0.000    0.534    0.585
  SM =~                                                                 
    Q64      (L11)    0.605    0.033   18.289    0.000    0.605    0.743
    Q65      (L12)    0.468    0.038   12.447    0.000    0.468    0.587
    Q66      (L13)    0.390    0.034   11.477    0.000    0.390    0.500
    Q67      (L14)    0.566    0.032   17.842    0.000    0.566    0.654
    Q68      (L15)    0.432    0.033   13.126    0.000    0.432    0.669
    Q69      (L16)    0.591    0.030   19.422    0.000    0.591    0.679

Covariances:
                   Estimate  Std.Err  z-value  P(>|z|)   Std.lv  Std.all
  StM ~~                                                                
    SM      (FctC)    0.654    0.025   26.008    0.000    0.654    0.654

Intercepts:
                   Estimate  Std.Err  z-value  P(>|z|)   Std.lv  Std.all
   .Q54       (I1)    2.240    0.034   66.143    0.000    2.240    2.156
   .Q55       (I2)    1.870    0.033   56.798    0.000    1.870    1.852
   .Q56       (I3)    1.841    0.033   55.912    0.000    1.841    1.823
   .Q57       (I4)    2.105    0.036   58.452    0.000    2.105    1.905
   .Q58       (I5)    1.843    0.032   57.146    0.000    1.843    1.863
   .Q59       (I6)    2.439    0.036   68.280    0.000    2.439    2.226
   .Q60       (I7)    2.331    0.037   62.869    0.000    2.331    2.050
   .Q61       (I8)    2.078    0.035   59.071    0.000    2.078    1.926
   .Q62       (I9)    2.285    0.034   67.730    0.000    2.285    2.208
   .Q63      (I10)    1.700    0.030   57.027    0.000    1.700    1.860
   .Q64      (I11)    1.486    0.027   56.007    0.000    1.486    1.826
   .Q65      (I12)    1.419    0.026   54.462    0.000    1.419    1.777
   .Q66      (I13)    1.496    0.025   58.911    0.000    1.496    1.920
   .Q67      (I14)    1.705    0.028   60.459    0.000    1.705    1.971
   .Q68      (I15)    1.345    0.021   63.881    0.000    1.345    2.082
   .Q69      (I16)    1.644    0.028   57.987    0.000    1.644    1.890
    StM               0.000                               0.000    0.000
    SM                0.000                               0.000    0.000

Variances:
                   Estimate  Std.Err  z-value  P(>|z|)   Std.lv  Std.all
   .Q54       (E1)    0.727    0.036   19.973    0.000    0.727    0.674
   .Q55       (E2)    0.511    0.032   16.022    0.000    0.511    0.501
   .Q56       (E3)    0.510    0.032   15.722    0.000    0.510    0.500
   .Q57       (E4)    0.554    0.035   15.656    0.000    0.554    0.454
   .Q58       (E5)    0.434    0.027   15.880    0.000    0.434    0.444
   .Q59       (E6)    0.417    0.027   15.559    0.000    0.417    0.347
   .Q60       (E7)    0.392    0.028   14.113    0.000    0.392    0.303
   .Q61       (E8)    0.336    0.024   14.044    0.000    0.336    0.289
   .Q62       (E9)    0.475    0.028   16.955    0.000    0.475    0.444
   .Q63      (E10)    0.550    0.029   18.905    0.000    0.550    0.658
   .Q64      (E11)    0.296    0.025   11.768    0.000    0.296    0.448
   .Q65      (E12)    0.418    0.031   13.293    0.000    0.418    0.656
   .Q66      (E13)    0.455    0.034   13.340    0.000    0.455    0.750
   .Q67      (E14)    0.428    0.031   14.005    0.000    0.428    0.572
   .Q68      (E15)    0.231    0.021   10.862    0.000    0.231    0.552
   .Q69      (E16)    0.407    0.031   13.188    0.000    0.407    0.539
    StM               1.000                               1.000    1.000
    SM                1.000                               1.000    1.000

R-Square:
                   Estimate
    Q54               0.326
    Q55               0.499
    Q56               0.500
    Q57               0.546
    Q58               0.556
    Q59               0.653
    Q60               0.697
    Q61               0.711
    Q62               0.556
    Q63               0.342
    Q64               0.552
    Q65               0.344
    Q66               0.250
    Q67               0.428
    Q68               0.448
    Q69               0.461



[1] "TEST OF LOCAL FIT"


[1] "PREDICTED MEANS, VARIANCES, AND COVARIANCES"


$cov
      Q54   Q55   Q56   Q57   Q58   Q59   Q60   Q61   Q62   Q63   Q64   Q65   Q66   Q67   Q68   Q69
Q54 1.079                                                                                          
Q55 0.423 1.020                                                                                    
Q56 0.424 0.509 1.020                                                                              
Q57 0.485 0.582 0.583 1.221                                                                        
Q58 0.438 0.526 0.527 0.602 0.978                                                                  
Q59 0.526 0.632 0.632 0.723 0.653 1.201                                                            
Q60 0.563 0.677 0.678 0.775 0.700 0.840 1.293                                                      
Q61 0.540 0.649 0.650 0.743 0.671 0.806 0.864 1.164                                                
Q62 0.458 0.551 0.551 0.630 0.569 0.683 0.733 0.702 1.071                                          
Q63 0.317 0.381 0.382 0.436 0.394 0.473 0.507 0.486 0.412 0.835                                    
Q64 0.235 0.282 0.282 0.323 0.292 0.350 0.375 0.360 0.305 0.211 0.662                              
Q65 0.182 0.218 0.219 0.250 0.226 0.271 0.291 0.279 0.236 0.164 0.283 0.637                        
Q66 0.151 0.182 0.182 0.208 0.188 0.226 0.242 0.232 0.197 0.136 0.236 0.183 0.607                  
Q67 0.220 0.264 0.264 0.302 0.273 0.328 0.351 0.337 0.286 0.198 0.342 0.265 0.221 0.748            
Q68 0.168 0.202 0.202 0.231 0.209 0.250 0.268 0.257 0.218 0.151 0.261 0.202 0.169 0.245 0.417      
Q69 0.229 0.276 0.276 0.315 0.285 0.342 0.367 0.351 0.298 0.206 0.357 0.277 0.230 0.334 0.255 0.756

$mean
  Q54   Q55   Q56   Q57   Q58   Q59   Q60   Q61   Q62   Q63   Q64   Q65   Q66   Q67   Q68   Q69 
2.240 1.870 1.841 2.105 1.843 2.439 2.331 2.078 2.285 1.700 1.486 1.419 1.496 1.705 1.345 1.644 



[1] "COVARIANCE DISCREPANCY"


$type
[1] "raw"

$cov
       Q54    Q55    Q56    Q57    Q58    Q59    Q60    Q61    Q62    Q63    Q64    Q65    Q66    Q67    Q68    Q69
Q54  0.000                                                                                                         
Q55  0.090  0.000                                                                                                  
Q56  0.036  0.239  0.000                                                                                           
Q57 -0.010  0.053  0.065  0.000                                                                                    
Q58 -0.047  0.018  0.067  0.056  0.000                                                                             
Q59 -0.006 -0.057 -0.068 -0.026 -0.009  0.000                                                                      
Q60 -0.064 -0.058 -0.085  0.012 -0.028  0.128  0.000                                                               
Q61 -0.043 -0.027 -0.054 -0.021 -0.019  0.015  0.063  0.000                                                        
